0 135282.654512
1 135273.469804
2 135273.469801
2000 119326.603588
2001 58406.781160
2002 48565.105272
2003 48563.912934
2004 48563.912802
4000 49419.463071
4001 29522.536157
4002 25403.240876
4003 24753.205530
4004 24708.399986
4005 24707.370067
4006 24707.363524
4007 24707.363454
6000 3756303.200917
6002 1314987.993985
6005 714039.206245
6008 464284.842020
6011 352886.732772
6015 303067.456238
6020 287500.047538
6024 286379.609045
6028 286267.547017
6033 286261.298469
6038 286260.945132
6044 286260.940679
6050 286260.940641
